29747
29535
20467
20078
19980
19954
11358
10942
10343
8924
8634
8365
8106
8055
6524
6390
5819
5398
5075
4852
4752
4561
4500
4239
3949
3775
3490
3449
3385
3121
3010
2808
2774
2258
2122
2045
1922
1794
1787
1750
1725
1717
1717
1307
1272
1099
1057
1050
946
930
919
881
879
778
751
672
622
555
551
496
464
459
416
396
391
356
352
344
342
325
322
308
308
244
242
239
236
231
231
218
204
202
201
199
192
189
178
173
152
143
140
140
132
127
115
113
109
105
104
101
83
78
76
70
56
50
46
36
33
33
29
25
24
24
24
21
20
20
19
19
18
17
16
15
14
14
14
12
12
11
11
11
10
10
10
9
9
9
9
8
8
7
7
7
7
7
7
7
7
6
6
6
6
6
6
6
5
5
5
5
5
5
4
4
4
4
4
4
3
3
3
3
3
3
3
3
3
3
3
3
3
3
3
2
2
2
2
2
2
2
2
2
2
2
2
2
2
2
2
2
2
1
1
1
1
1
1
1
1
1
1
1
1
1
1
1
1
1
1
1
1
1
1
1
1
1
1
1
1
1
1
1
1
1
1
1
1
1
1
1
1
1
1
1
1
1
1
1
1
1
